s <- 4988992.35 
n <- s/1838886.48
m <- 703399.20*n   

s-m
